[?25l[0m                                                        [0m
                                                        [0m
                                                        [0m
                  [38;2;99;154;90m▄[38;2;134;197;110;48;2;80;116;66m▄[0m[38;2;103;135;75m▄[0m                [38;2;108;158;59m▄[0m                  [0m
                [38;2;110;174;100m▄[38;2;120;190;109;48;2;107;166;97m▄[48;2;122;192;110m▄[38;2;130;194;108;48;2;132;195;109m▄[38;2;150;201;108;48;2;152;203;109m▄[0m[38;2;146;195;105m▄[0m               [38;2;117;175;65;48;2;120;177;65m▄[48;2;113;166;62m▄[0m[38;2;115;171;64m▄[0m                [0m
              [38;2;117;185;107m▄[38;2;117;188;108;48;2;114;180;105m▄[48;2;119;188;108m▄▄▄[38;2;128;191;108;48;2;129;192;108m▄[38;2;147;199;107;48;2;149;200;108m▄▄[48;2;127;170;93m▄[0m[38;2;96;129;72m▄[0m             [38;2;114;171;64;48;2;116;173;65m▄▄▄[48;2;116;172;65m▄[0m[38;2;114;171;64m▄[38;2;70;103;43m▄[0m             [0m
           [38;2;52;107;139m▄[38;2;80;171;223;48;2;40;82;105m▄[38;2;74;157;196;48;2;102;176;139m▄[38;2;108;180;119;48;2;116;186;107m▄[38;2;114;184;106m▄▄▄▄[38;2;124;188;106;48;2;126;190;107m▄[38;2;144;196;107;48;2;146;198;107m▄▄▄▄[0m[38;2;139;189;104m▄[0m            [38;2;110;168;63;48;2;112;170;64m▄▄▄▄▄▄[48;2;82;121;50m▄[0m[38;2;86;131;51m▄[0m           [0m
           [38;2;80;170;223;48;2;80;172;224m▄▄[48;2;78;166;217m▄[38;2;75;160;211;48;2;79;158;180m▄[38;2;88;163;158;48;2;112;182;109m▄[38;2;111;182;106;48;2;113;183;106m▄▄▄[38;2;122;186;106;48;2;123;187;106m▄[38;2;141;194;106;48;2;143;195;107m▄▄▄▄▄[48;2;121;164;91m▄[0m[38;2;90;122;69m▄[0m          [38;2;107;165;63;48;2;108;167;63m▄▄▄▄▄▄▄▄[38;2;85;131;50;48;2;80;122;46m▄[0m          [0m
           [38;2;78;166;221;48;2;79;169;222m▄▄▄[48;2;79;168;222m▄[38;2;78;165;219;48;2;71;154;203m▄[38;2;72;151;192;48;2;96;170;134m▄[38;2;102;174;116;48;2;109;180;105m▄[38;2;107;178;104m▄[38;2;118;183;104;48;2;120;185;105m▄[38;2;138;192;105;48;2;140;193;106m▄▄▄▄▄▄▄[0m[38;2;132;184;101m▄[0m         [38;2;102;161;61;48;2;105;163;62m▄▄▄▄▄▄▄▄[38;2;85;132;53;48;2;86;132;52m▄[0m          [0m
           [38;2;78;163;218;48;2;78;165;219m▄[48;2;78;165;220m▄▄▄▄[48;2;76;160;214m▄[38;2;74;154;208;48;2;77;152;176m▄[38;2;85;157;153;48;2;105;176;105m▄[38;2;115;180;103;48;2;117;182;104m▄[38;2;135;190;104;48;2;137;191;105m▄▄[48;2;136;191;105m▄▄[48;2;137;191;105m▄[48;2;136;191;105m▄▄▄[48;2;114;158;88m▄[0m[38;2;83;115;65m▄[0m       [38;2;99;158;61;48;2;100;159;61m▄▄▄▄▄▄▄▄[38;2;82;129;52;48;2;84;131;53m▄[0m          [0m
           [38;2;76;159;215;48;2;77;161;217m▄▄▄▄▄▄▄[38;2;75;158;214;48;2;71;148;200m▄[38;2;60;113;142;48;2;103;168;130m▄[38;2;118;167;93;48;2;134;188;104m▄[38;2;131;187;103m▄▄▄▄▄▄▄▄▄[0m[38;2;125;178;98m▄[0m      [38;2;95;154;59;48;2;97;156;60m▄▄▄▄▄▄▄▄[38;2;78;126;51;48;2;80;127;51m▄[0m          [0m
           [38;2;75;155;213;48;2;75;157;215m▄▄▄▄▄▄▄▄[38;2;52;105;143;48;2;52;106;144m▄[0m [7m[38;2;128;183;101m▄[0m[38;2;128;185;103;48;2;130;186;103m▄▄▄▄▄▄▄▄▄[48;2;106;151;85m▄[0m[38;2;77;109;62m▄[0m    [38;2;92;151;59;48;2;93;152;59m▄▄▄▄▄▄▄▄[38;2;75;123;49;48;2;77;124;50m▄[0m          [0m
           [38;2;73;151;210;48;2;75;153;212m▄▄▄▄▄▄▄▄[38;2;51;102;141;48;2;52;103;142m▄[0m  [7m[38;2;94;133;77m▄[0m[38;2;114;164;93;48;2;127;183;103m▄[38;2;125;183;102m▄▄▄▄▄▄▄▄▄[0m[38;2;119;172;97m▄[0m   [38;2;87;147;58;48;2;90;149;59m▄▄▄▄▄▄▄▄[38;2;71;119;48;48;2;74;121;49m▄[0m          [0m
           [38;2;72;147;208;48;2;73;149;209m▄▄▄[38;2;72;147;207m▄[38;2;72;147;208m▄[38;2;72;147;207m▄[38;2;72;147;208m▄[38;2;72;147;207m▄[38;2;50;100;139;48;2;51;101;140m▄[0m    [7m[38;2;123;179;101m▄[0m[38;2;123;181;101;48;2;124;182;102m▄▄▄▄▄▄▄▄▄[48;2;100;145;83m▄[0m[38;2;71;103;59m▄[0m [38;2;84;144;57;48;2;85;146;57m▄[48;2;85;146;58m▄[48;2;85;146;57m▄▄▄▄▄▄[38;2;68;117;46;48;2;69;118;47m▄[0m          [0m
           [38;2;71;143;205;48;2;72;145;207m▄▄▄▄▄▄▄▄[38;2;49;97;138;48;2;50;98;139m▄[0m     [7m[38;2;90;132;76m▄[0m[38;2;109;161;92;48;2;121;179;101m▄[38;2;120;178;100m▄▄▄▄▄▄▄▄▄[38;2;109;170;87;48;2;75;113;62m▄[38;2;81;143;57;48;2;82;143;57m▄[38;2;80;141;57m▄▄▄▄▄▄▄[38;2;78;128;60;48;2;69;119;49m▄[0m          [0m
           [38;2;70;139;203;48;2;71;141;204m▄▄▄▄▄▄▄▄[38;2;49;94;136;48;2;49;96;137m▄[0m       [7m[38;2;117;175;99m▄[0m[38;2;117;175;99;48;2;118;176;100m▄▄▄▄▄▄▄▄[38;2;107;169;88;48;2;108;170;88m▄[38;2;86;157;64;48;2;86;154;63m▄[38;2;82;148;60;48;2;78;139;56m▄[38;2;76;138;56m▄▄▄▄▄▄[38;2;76;125;59;48;2;77;126;59m▄[0m          [0m
           [38;2;68;135;200;48;2;70;137;201m▄[48;2;69;137;201m▄▄[48;2;70;137;201m▄[48;2;69;137;201m▄▄▄[48;2;70;137;201m▄[38;2;48;92;134;48;2;48;93;135m▄[0m        [7m[38;2;87;130;76m▄[0m[38;2;104;157;91;48;2;115;174;99m▄[38;2;114;173;98m▄▄▄▄▄▄[38;2;104;167;87;48;2;105;168;88m▄[38;2;83;155;64;48;2;85;156;64m▄▄[38;2;82;153;63;48;2;77;142;58m▄[38;2;73;136;56;48;2;74;136;56m▄[38;2;72;134;55m▄▄▄▄[38;2;69;121;55;48;2;71;122;56m▄[0m          [0m
           [38;2;68;131;198;48;2;68;133;198m▄▄▄▄▄▄▄▄[38;2;47;89;133;48;2;47;90;133m▄[0m          [38;2;58;87;52;48;2;111;170;97m▄[38;2;110;170;98;48;2;111;171;98m▄▄▄▄▄[38;2;100;165;87;48;2;101;165;87m▄[38;2;79;152;63;48;2;81;154;64m▄▄▄[48;2;78;148;61m▄[38;2;74;142;59;48;2;70;132;54m▄[38;2;69;130;54m▄[38;2;69;131;54m▄▄[38;2;61;112;49;48;2;68;119;54m▄[0m          [0m
           [7m[38;2;48;89;132m▄[0m[38;2;41;74;110;48;2;67;130;196m▄[38;2;66;128;195m▄▄▄▄▄▄[38;2;46;87;131;48;2;47;88;132m▄[0m           [7m[38;2;83;127;75m▄[0m[38;2;99;155;90;48;2;109;169;98m▄[38;2;107;168;97m▄▄▄[38;2;97;162;87;48;2;99;163;87m▄[38;2;76;149;63;48;2;77;151;63m▄▄▄▄▄[38;2;75;147;62;48;2;70;135;56m▄[38;2;56;107;46;48;2;67;129;53m▄[0m[7m[38;2;60;115;48m▄[0m           [0m
              [7m[38;2;65;124;191m▄[0m[38;2;64;121;186;48;2;65;125;193m▄[38;2;65;124;192m▄▄▄[38;2;45;84;129;48;2;46;85;130m▄[0m             [38;2;56;87;52;48;2;105;166;96m▄[38;2;104;166;96;48;2;106;167;97m▄▄[38;2;95;160;86;48;2;96;161;86m▄[38;2;72;147;62;48;2;73;148;62m▄▄▄▄[38;2;47;93;41m▄[0m[7m[38;2;55;109;47m▄[0m             [0m
                [7m[38;2;62;114;177m▄[0m[38;2;59;106;164;48;2;64;122;191m▄[38;2;64;120;189;48;2;64;122;190m▄[38;2;45;82;127;48;2;45;83;128m▄[0m              [7m[38;2;80;126;75m▄[0m[38;2;94;151;89;48;2;103;165;96m▄[38;2;92;158;85;48;2;93;159;86m▄[38;2;68;144;62;48;2;70;145;62m▄[38;2;68;142;61m▄[0m[7m[38;2;70;145;62m▄[38;2;38;76;34m▄[0m               [0m
                  [7m[38;2;54;96;150m▄[38;2;44;80;126m▄[0m                [7m[38;2;89;155;84m▄[38;2;64;136;59m▄[0m                  [0m
                                                        [0m
                                                        [0m
                                                        [0m
[?25h[20;20H 1231231123
